Out[9]: 
{'score': tensor([[0.2624, 0.2906, 0.4470],
         [0.2632, 0.2897, 0.4470],
         [0.2623, 0.2905, 0.4472],
         [0.2628, 0.2896, 0.4476],
         [0.2623, 0.2911, 0.4465],
         [0.2633, 0.2887, 0.4480],
         [0.2595, 0.2954, 0.4451],
         [0.2637, 0.2893, 0.4469],
         [0.2626, 0.2907, 0.4467],
         [0.2627, 0.2905, 0.4467],
         [0.2618, 0.2912, 0.4470],
         [0.2614, 0.2915, 0.4471],
         [0.2636, 0.2892, 0.4472],
         [0.2622, 0.2913, 0.4466],
         [0.2621, 0.2906, 0.4473],
         [0.2638, 0.2890, 0.4472],
         [0.2627, 0.2912, 0.4461],
         [0.2629, 0.2903, 0.4468],
         [0.2629, 0.2914, 0.4457],
         [0.2630, 0.2904, 0.4466],
         [0.2635, 0.2887, 0.4478],
         [0.2645, 0.2878, 0.4477],
         [0.2622, 0.2907, 0.4471],
         [0.2627, 0.2897, 0.4476],
         [0.2631, 0.2897, 0.4472],
         [0.2629, 0.2899, 0.4472],
         [0.2622, 0.2906, 0.4472],
         [0.2618, 0.2915, 0.4467],
         [0.2627, 0.2909, 0.4464]], device='cuda:0', grad_fn=<SoftmaxBackward0>),
 'score_GT': tensor([[0, 1, 0],
         [0, 0, 1],
         [0, 1, 0],
         [1, 0, 0],
         [0, 1, 0],
         [0, 1, 0],
         [0, 1, 0],
         [0, 1, 0],
         [0, 1, 0],
         [0, 1, 0],
         [0, 0, 1],
         [0, 1, 0],
         [0, 1, 0],
         [0, 1, 0],
         [1, 0, 0],
         [0, 1, 0],
         [0, 1, 0],
         [0, 1, 0],
         [0, 1, 0],
         [0, 1, 0],
         [0, 1, 0],
         [0, 1, 0],
         [0, 1, 0],
         [0, 1, 0],
         [0, 1, 0],
         [0, 1, 0],
         [0, 1, 0],
         [0, 1, 0],
         [1, 0, 0]], device='cuda:0')}
