Out[8]: 
{'score': tensor([[0.4327, 0.2727, 0.2946],
         [0.4336, 0.2736, 0.2928],
         [0.4340, 0.2738, 0.2921],
         [0.4339, 0.2746, 0.2915],
         [0.4340, 0.2738, 0.2923],
         [0.4339, 0.2736, 0.2925],
         [0.4344, 0.2747, 0.2908],
         [0.4340, 0.2738, 0.2922],
         [0.4349, 0.2748, 0.2903],
         [0.4337, 0.2733, 0.2930],
         [0.4334, 0.2739, 0.2926],
         [0.4333, 0.2742, 0.2924],
         [0.4345, 0.2734, 0.2920],
         [0.4344, 0.2742, 0.2914],
         [0.4344, 0.2740, 0.2916],
         [0.4335, 0.2743, 0.2922],
         [0.4336, 0.2733, 0.2931],
         [0.4339, 0.2741, 0.2920],
         [0.4336, 0.2737, 0.2927],
         [0.4336, 0.2738, 0.2926],
         [0.4342, 0.2734, 0.2924],
         [0.4343, 0.2743, 0.2914],
         [0.4333, 0.2746, 0.2921],
         [0.4328, 0.2737, 0.2935],
         [0.4347, 0.2743, 0.2910],
         [0.4340, 0.2740, 0.2920],
         [0.4339, 0.2736, 0.2925],
         [0.4340, 0.2737, 0.2923]], device='cuda:0', grad_fn=<SoftmaxBackward0>),
 'score_GT': tensor([[0, 1, 0],
         [0, 1, 0],
         [1, 0, 0],
         [0, 1, 0],
         [0, 1, 0],
         [0, 1, 0],
         [0, 1, 0],
         [0, 1, 0],
         [0, 1, 0],
         [0, 1, 0],
         [0, 1, 0],
         [0, 1, 0],
         [0, 0, 1],
         [0, 1, 0],
         [0, 1, 0],
         [1, 0, 0],
         [0, 1, 0],
         [1, 0, 0],
         [0, 1, 0],
         [1, 0, 0],
         [0, 1, 0],
         [0, 1, 0],
         [0, 1, 0],
         [0, 1, 0],
         [0, 1, 0],
         [0, 1, 0],
         [0, 1, 0],
         [1, 0, 0]], device='cuda:0')}
