Out[10]: 
{'loss_maneuver': tensor(27.7140, device='cuda:0', grad_fn=<NllLossBackward0>),
 'num_maneuver': 24,
 'loss': tensor(1.1547, device='cuda:0', grad_fn=<DivBackward0>)}
Out[12]: 
{'pred_maneuver': [2,
  2,
  2,
  2,
  2,
  2,
  2,
  2,
  2,
  2,
  2,
  2,
  2,
  2,
  2,
  2,
  2,
  2,
  2,
  2,
  2,
  2,
  2,
  2],
 'gt_maneuver': [array([0, 1, 0], dtype=int64),
  array([0, 1, 0], dtype=int64),
  array([0, 1, 0], dtype=int64),
  array([0, 1, 0], dtype=int64),
  array([0, 1, 0], dtype=int64),
  array([0, 1, 0], dtype=int64),
  array([0, 1, 0], dtype=int64),
  array([0, 1, 0], dtype=int64),
  array([0, 1, 0], dtype=int64),
  array([0, 1, 0], dtype=int64),
  array([0, 1, 0], dtype=int64),
  array([0, 1, 0], dtype=int64),
  array([0, 1, 0], dtype=int64),
  array([0, 1, 0], dtype=int64),
  array([0, 1, 0], dtype=int64),
  array([0, 1, 0], dtype=int64),
  array([0, 1, 0], dtype=int64),
  array([0, 1, 0], dtype=int64),
  array([0, 1, 0], dtype=int64),
  array([0, 1, 0], dtype=int64),
  array([0, 1, 0], dtype=int64),
  array([0, 1, 0], dtype=int64),
  array([0, 1, 0], dtype=int64),
  array([0, 1, 0], dtype=int64)]}
Out[13]: 
{'score': tensor([[0.2802, 0.2787, 0.4411],
         [0.2794, 0.2822, 0.4384],
         [0.2801, 0.2791, 0.4408],
         [0.2801, 0.2793, 0.4407],
         [0.2798, 0.2801, 0.4400],
         [0.2801, 0.2791, 0.4408],
         [0.2801, 0.2793, 0.4406],
         [0.2793, 0.2822, 0.4384],
         [0.2797, 0.2806, 0.4397],
         [0.2802, 0.2787, 0.4411],
         [0.2794, 0.2819, 0.4387],
         [0.2801, 0.2792, 0.4407],
         [0.2795, 0.2814, 0.4392],
         [0.2799, 0.2800, 0.4401],
         [0.2797, 0.2807, 0.4397],
         [0.2796, 0.2810, 0.4394],
         [0.2799, 0.2799, 0.4401],
         [0.2793, 0.2822, 0.4385],
         [0.2802, 0.2788, 0.4410],
         [0.2803, 0.2784, 0.4413],
         [0.2799, 0.2799, 0.4402],
         [0.2795, 0.2818, 0.4387],
         [0.2800, 0.2795, 0.4405],
         [0.2803, 0.2783, 0.4414]], device='cuda:0', grad_fn=<SoftmaxBackward0>),
 'score_GT': tensor([[0, 1, 0],
         [0, 1, 0],
         [0, 1, 0],
         [0, 1, 0],
         [0, 1, 0],
         [0, 1, 0],
         [0, 1, 0],
         [0, 1, 0],
         [0, 1, 0],
         [0, 1, 0],
         [0, 1, 0],
         [0, 1, 0],
         [0, 1, 0],
         [0, 1, 0],
         [0, 1, 0],
         [0, 1, 0],
         [0, 1, 0],
         [0, 1, 0],
         [0, 1, 0],
         [0, 1, 0],
         [0, 1, 0],
         [0, 1, 0],
         [0, 1, 0],
         [0, 1, 0]], device='cuda:0')}
Out[16]: 
{'score': tensor([[0.2802, 0.2787, 0.4411],
         [0.2794, 0.2822, 0.4384],
         [0.2801, 0.2791, 0.4408],
         [0.2801, 0.2793, 0.4407],
         [0.2798, 0.2801, 0.4400],
         [0.2801, 0.2791, 0.4408],
         [0.2801, 0.2793, 0.4406],
         [0.2793, 0.2822, 0.4384],
         [0.2797, 0.2806, 0.4397],
         [0.2802, 0.2787, 0.4411],
         [0.2794, 0.2819, 0.4387],
         [0.2801, 0.2792, 0.4407],
         [0.2795, 0.2814, 0.4392],
         [0.2799, 0.2800, 0.4401],
         [0.2797, 0.2807, 0.4397],
         [0.2796, 0.2810, 0.4394],
         [0.2799, 0.2799, 0.4401],
         [0.2793, 0.2822, 0.4385],
         [0.2802, 0.2788, 0.4410],
         [0.2803, 0.2784, 0.4413],
         [0.2799, 0.2799, 0.4402],
         [0.2795, 0.2818, 0.4387],
         [0.2800, 0.2795, 0.4405],
         [0.2803, 0.2783, 0.4414]], device='cuda:0', grad_fn=<SoftmaxBackward0>),
 'score_GT': tensor([[0, 1, 0],
         [0, 1, 0],
         [0, 1, 0],
         [0, 1, 0],
         [0, 1, 0],
         [0, 1, 0],
         [0, 1, 0],
         [0, 1, 0],
         [0, 1, 0],
         [0, 1, 0],
         [0, 1, 0],
         [0, 1, 0],
         [0, 1, 0],
         [0, 1, 0],
         [0, 1, 0],
         [0, 1, 0],
         [0, 1, 0],
         [0, 1, 0],
         [0, 1, 0],
         [0, 1, 0],
         [0, 1, 0],
         [0, 1, 0],
         [0, 1, 0],
         [0, 1, 0]], device='cuda:0')}
Out[19]: 
{'score': tensor([[0.2802, 0.2787, 0.4411],
         [0.2794, 0.2822, 0.4384],
         [0.2801, 0.2791, 0.4408],
         [0.2801, 0.2793, 0.4407],
         [0.2798, 0.2801, 0.4400],
         [0.2801, 0.2791, 0.4408],
         [0.2801, 0.2793, 0.4406],
         [0.2793, 0.2822, 0.4384],
         [0.2797, 0.2806, 0.4397],
         [0.2802, 0.2787, 0.4411],
         [0.2794, 0.2819, 0.4387],
         [0.2801, 0.2792, 0.4407],
         [0.2795, 0.2814, 0.4392],
         [0.2799, 0.2800, 0.4401],
         [0.2797, 0.2807, 0.4397],
         [0.2796, 0.2810, 0.4394],
         [0.2799, 0.2799, 0.4401],
         [0.2793, 0.2822, 0.4385],
         [0.2802, 0.2788, 0.4410],
         [0.2803, 0.2784, 0.4413],
         [0.2799, 0.2799, 0.4402],
         [0.2795, 0.2818, 0.4387],
         [0.2800, 0.2795, 0.4405],
         [0.2803, 0.2783, 0.4414]], device='cuda:0', grad_fn=<SoftmaxBackward0>),
 'score_GT': tensor([[0, 1, 0],
         [0, 1, 0],
         [0, 1, 0],
         [0, 1, 0],
         [0, 1, 0],
         [0, 1, 0],
         [0, 1, 0],
         [0, 1, 0],
         [0, 1, 0],
         [0, 1, 0],
         [0, 1, 0],
         [0, 1, 0],
         [0, 1, 0],
         [0, 1, 0],
         [0, 1, 0],
         [0, 1, 0],
         [0, 1, 0],
         [0, 1, 0],
         [0, 1, 0],
         [0, 1, 0],
         [0, 1, 0],
         [0, 1, 0],
         [0, 1, 0],
         [0, 1, 0]], device='cuda:0')}
